90
3.8604
3.8755
3.7747
3.6810
3.5895
0.4006
0.5063
0.2900
3.2452
3.7860
2.1708
3.2626
3.6982
1.6637
3.6299
2.8693
3.7480
2.2650
1.9375
0.4000
0.4000
0.4000
0.4000
0.4000
0.4000
0.4000
0.4000
1.6362
3.7823
3.6640
1.1999
0.4501
2.0316
3.6229
3.6440
3.1382
2.8103
3.7314
3.6532
1.8172
2.9946
3.3300
1.0800
1.3486
2.3684
3.3879
3.8100
3.9200
1.3477
2.5533
3.7093
3.7827
1.4709
3.8212
2.5740
2.4153
4.7591
4.8055
4.2929
5.0163
4.9324
3.1560
5.0794
5.0625
4.9034
2.1487
4.4567
2.4770
5.4698
5.5789
0.7943
4.5988
1.1180
2.4973
3.4376
5.1491
5.7643
5.7414
5.6617
1.4841
1.6820
5.6867
5.2608
5.7603
5.8202
5.9690
6.0586
2.8969
5.1635
5.8811
